258,35
252,3
252,2
252,1
252,0
250,3
250,2
250,1
250,0
249,3
249,2
249,1
249,0
248,11
248,10
248,9
248,8
248,7
248,5
248,4
248,3
248,2
248,1
246,3
246,2
246,1
237,3
237,2
237,1
232,3
232,2
232,1
229,3
229,2
229,1
229,0
221,3
221,2
221,1
151,3
151,2
151,1
149,3
149,2
149,1
147,3
147,2
147,1
139,10
139,9
139,8
139,7
139,6
139,5
139,4
139,3
139,2
139,1
110,3
110,2
110,1
93,3
93,2
93,1
93,0
76,3
76,2
76,1
69,3
69,2
69,1
65,3
65,2
65,1
62,3
62,2
62,1
62,0
6,3
6,2
6,1
0,492
0,445
0,410
0,322
0,9
0,0
258,34
258,33
258,32
258,31
258,30
258,29
258,28
258,27
258,26
258,25
258,24
258,23
258,22
258,21
258,20
258,19
258,18
258,17
258,16
258,15
258,14
258,13
258,12
258,11
258,10
258,9
258,8
258,7
258,6
258,5
258,4
258,3
258,2
258,0
0,444
0,443
0,304
0,303
